0
正门 
1
软院
2
铜像
3
公教楼
4
图书馆
5
实验楼
6
体育馆
7
真草
8
假草
9
新天地
*
0	12	25	35	50	96	999	999	999	999
12	0	50	40	65	999	75	65 	999	999
25	50	0	8	20	68	999	999	72	999
35	40	8	0	15	70	40	35 	999 999
50	65	20	15	0	63 	17	20	38 	999
96	999	68	70	63	0	57	70	40	999
999	75	999	40	17	57	0	5	30	15
999	65	999	35	20	70	5	0	50 	30
999	999	72	999	38	40	30	50	0	40
999	999	999	999	999	999	15	30	40	0

0	12	25	27	50	96	999	999	999	999
12	0	50	40	65	999	75	65 	999	999
25	50	0	8	20	68	999	999	72	999
27	40	8	0	15	70	40	35 	999 999
50	65	20	15	0	63 	17	20	38 	999
96	999	68	70	63	0	57	70	40	999
999	75	999	40	17	57	0	5	30	15
999	65	999	35	20	70	5	0	50 	30
999	999	72	999	38	40	30	50	0	40
999	999	999	999	999	999	15	30	40	0